
P1:Queue: qwrites 
(1, 2)   ,  (1, 3)   ,  (1, 6)   ,  (1, 5)   ,  (1, 8)   ,  (1, 9)   ,  P1:Queue: qwrites 
(1, 2)   ,  (1, 3)   ,  (1, 6)   ,  (1, 5)   ,  (1, 8)   ,  (1, 9)   ,  P1:Queue: qwrites 
(1, 2)   ,  (1, 3)   ,  (1, 6)   ,  (1, 11)   ,  (1, 8)   ,  (1, 9)   ,  P1:Queue: qwrites 
(1, 2)   ,  (1, 3)   ,  (1, 6)   ,  (1, 11)   ,  (1, 8)   ,  (1, 9)   ,  P1:Queue: qwrites 
(1, 2)   ,  (1, 3)   ,  (1, 6)   ,  (1, 11)   ,  (1, 8)   ,  (1, 9)   ,  P1:Queue: qwrites 
(1, 1)   ,  (1, 2)   ,  (1, 3)   ,  (1, 6)   ,  (1, 11)   ,  (1, 8)   ,  (1, 9)   ,  P1:Queue: qwrites 
(1, 1)   ,  (1, 2)   ,  (1, 3)   ,  (1, 6)   ,  (1, 11)   ,  (1, 8)   ,  (1, 9)   ,  P1:Queue: qwrites 
(1, 2)   ,  (1, 3)   ,  (1, 6)   ,  (1, 11)   ,  (1, 8)   ,  (1, 9)   ,  P1:Queue: qwrites 
(1, 2)   ,  (1, 3)   ,  (1, 6)   ,  (1, 11)   ,  (1, 8)   ,  (1, 9)   ,  P1:Queue: qwrites 
(1, 2)   ,  (1, 3)   ,  (1, 6)   ,  (-1, 11)   ,  (1, 8)   ,  (1, 9)   ,  P1:Queue: qwrites 
(-1, 1)   ,  (1, 2)   ,  (1, 3)   ,  (1, 6)   ,  (-1, 11)   ,  (1, 8)   ,  (1, 9)   ,  P1:Queue: qwrites 
(-1, 1)   ,  (1, 2)   ,  (1, 3)   ,  (1, 6)   ,  (-1, 11)   ,  (1, 8)   ,  (1, 9)   ,  P1:Queue: qwrites 
(-1, 1)   ,  (1, 2)   ,  (1, 3)   ,  (1, 6)   ,  (-1, 11)   ,  (1, 8)   ,  (1, 9)   ,  