
P1:Queue: qwrites 
(1, 3)   ,  (1, 4)   ,  (1, 1)   ,  (1, 5)   ,  (1, 8)   ,  (1, 1)   ,  (1, 3)   ,  (1, 10)   ,  (1, 12)   ,  (6, 14)   ,  (1, 15)   ,  (1, 17)   ,  (1, 3)   ,  (7, 7)   ,  (12, 21)   ,  (1, 8)   ,  (1, 23)   ,  (1, 9)   ,  (1, 26)   ,  (1, 27)   ,  (1, 10)   ,  (1, 5)   ,  (1, 11)   ,  (1, 30)   ,  (1, 31)   ,  (1, 12)   ,  (1, 33)   ,  (1, 6)   ,  (7, 14)   ,  (1, 38)   ,  (1, 15)   ,  (6, 42)   ,  (1, 16)   ,  (1, 43)   ,  (1, 44)   ,  (1, 17)   ,  (1, 18)   ,  (1, 19)   ,  (1, 50)   ,  (1, 51)   ,  (1, 20)   ,  (6, 56)   ,  (1, 58)   ,  (1, 59)   ,  (1, 60)   ,  (1, 12)   ,  (1, 66)   ,  (1, 68)   ,  (1, 13)   ,  (6, 70)   ,  (-1, 14)   ,  (1, 29)   ,  (6, 77)   ,  (1, 78)   ,  (1, 15)   ,  (1, 79)   ,  (1, 32)   ,  (1, 82)   ,  (1, 83)   ,  (1, 16)   ,  (1, 85)   ,  
P2:Queue: qwrites 
(1, 3)   ,  (1, 4)   ,  (1, 1)   ,  (1, 5)   ,  (1, 8)   ,  (1, 1)   ,  (1, 3)   ,  (1, 10)   ,  (1, 12)   ,  (6, 14)   ,  (1, 15)   ,  (1, 17)   ,  (1, 3)   ,  (7, 7)   ,  (12, 21)   ,  (1, 8)   ,  (1, 23)   ,  (1, 9)   ,  (1, 26)   ,  (1, 27)   ,  (1, 10)   ,  (1, 5)   ,  (1, 11)   ,  (1, 30)   ,  (1, 31)   ,  (1, 12)   ,  (1, 33)   ,  (1, 6)   ,  (7, 14)   ,  (1, 38)   ,  (1, 15)   ,  (6, 42)   ,  (1, 16)   ,  (1, 43)   ,  (1, 44)   ,  (1, 17)   ,  (1, 18)   ,  (1, 19)   ,  (1, 50)   ,  (1, 51)   ,  (1, 20)   ,  (6, 56)   ,  (1, 58)   ,  (1, 59)   ,  (1, 60)   ,  (1, 12)   ,  (1, 66)   ,  (1, 68)   ,  (1, 13)   ,  (6, 70)   ,  (-1, 14)   ,  (1, 29)   ,  (6, 77)   ,  (1, 78)   ,  (1, 15)   ,  (1, 79)   ,  (1, 32)   ,  (1, 82)   ,  (1, 83)   ,  (1, 16)   ,  (1, 85)   ,  
P3:Queue: qwrites 
(1, 3)   ,  (1, 4)   ,  (1, 1)   ,  (1, 5)   ,  (1, 8)   ,  (1, 1)   ,  (1, 3)   ,  (1, 10)   ,  (1, 12)   ,  (6, 14)   ,  (1, 15)   ,  (1, 17)   ,  (1, 3)   ,  (7, 7)   ,  (12, 21)   ,  (1, 8)   ,  (1, 23)   ,  (1, 9)   ,  (1, 26)   ,  (1, 27)   ,  (1, 10)   ,  (1, 5)   ,  (1, 11)   ,  (1, 30)   ,  (1, 31)   ,  (1, 12)   ,  (1, 33)   ,  (1, 6)   ,  (7, 14)   ,  (1, 38)   ,  (1, 15)   ,  (6, 42)   ,  (1, 16)   ,  (1, 43)   ,  (1, 44)   ,  (1, 17)   ,  (1, 18)   ,  (1, 19)   ,  (1, 50)   ,  (1, 51)   ,  (1, 20)   ,  (6, 56)   ,  (1, 58)   ,  (1, 59)   ,  (1, 60)   ,  (1, 12)   ,  (1, 66)   ,  (1, 68)   ,  (1, 13)   ,  (6, 70)   ,  (-1, 14)   ,  (1, 29)   ,  (6, 77)   ,  (1, 78)   ,  (1, 15)   ,  (1, 79)   ,  (1, 32)   ,  (1, 82)   ,  (1, 83)   ,  (1, 16)   ,  (1, 85)   ,  
P4:Queue: qwrites 
(1, 3)   ,  (1, 4)   ,  (1, 1)   ,  (1, 5)   ,  (1, 8)   ,  (1, 1)   ,  (1, 3)   ,  (1, 10)   ,  (1, 12)   ,  (6, 14)   ,  (1, 15)   ,  (1, 17)   ,  (1, 3)   ,  (7, 7)   ,  (12, 21)   ,  (1, 8)   ,  (1, 23)   ,  (1, 9)   ,  (1, 26)   ,  (1, 27)   ,  (1, 10)   ,  (1, 5)   ,  (1, 11)   ,  (1, 30)   ,  (1, 31)   ,  (1, 12)   ,  (1, 33)   ,  (1, 6)   ,  (7, 14)   ,  (1, 38)   ,  (1, 15)   ,  (6, 42)   ,  (1, 16)   ,  (1, 43)   ,  (1, 44)   ,  (1, 17)   ,  (1, 18)   ,  (1, 19)   ,  (1, 50)   ,  (1, 51)   ,  (1, 20)   ,  (6, 56)   ,  (1, 58)   ,  (1, 59)   ,  (1, 60)   ,  (1, 12)   ,  (1, 66)   ,  (1, 68)   ,  (1, 13)   ,  (6, 70)   ,  (-1, 14)   ,  (1, 29)   ,  (6, 77)   ,  (1, 78)   ,  (1, 15)   ,  (1, 79)   ,  (1, 32)   ,  (1, 82)   ,  (1, 83)   ,  (1, 16)   ,  (1, 85)   ,  
P5:Queue: qwrites 
(1, 3)   ,  (1, 4)   ,  (1, 1)   ,  (1, 5)   ,  (1, 8)   ,  (1, 1)   ,  (1, 3)   ,  (1, 10)   ,  (1, 12)   ,  (6, 14)   ,  (1, 15)   ,  (1, 17)   ,  (1, 3)   ,  (7, 7)   ,  (12, 21)   ,  (1, 8)   ,  (1, 23)   ,  (1, 9)   ,  (1, 26)   ,  (1, 27)   ,  (1, 10)   ,  (1, 5)   ,  (1, 11)   ,  (1, 30)   ,  (1, 31)   ,  (1, 12)   ,  (1, 33)   ,  (1, 6)   ,  (7, 14)   ,  (1, 38)   ,  (1, 15)   ,  (6, 42)   ,  (1, 16)   ,  (1, 43)   ,  (1, 44)   ,  (1, 17)   ,  (1, 18)   ,  (1, 19)   ,  (1, 50)   ,  (1, 51)   ,  (1, 20)   ,  (6, 56)   ,  (1, 58)   ,  (1, 59)   ,  (1, 60)   ,  (1, 12)   ,  (1, 66)   ,  (1, 68)   ,  (1, 13)   ,  (6, 70)   ,  (-1, 14)   ,  (1, 29)   ,  (6, 77)   ,  (1, 78)   ,  (1, 15)   ,  (1, 79)   ,  (1, 32)   ,  (1, 82)   ,  (1, 83)   ,  (1, 16)   ,  