
READ order: [0, 1, 6, 11, 16, 17, 21, 22, 27, 23]
P3:3 BREAK ln: 10565
READ order: [0, 1, 6, 11, 16, 17, 21, 22, 27, 23]
P3:3 SUCCESS
READ order: [0, 1, 2, 3, 4, 5, 6, 7, 12, 17, 18, 23, 24, 25, 30, 31, 36, 41, 42, 47, 48, 49, 50, 55, 56, 61, 62, 63, 64, 69, 70]
P1:6 SUCCESS
READ order: [0, 1, 2, 3, 4, 5, 6, 7, 12, 17, 18, 23, 24, 25, 30, 31, 36, 41, 42, 47, 48, 49, 50, 55, 56, 61, 62, 63, 64, 69, 70]
P4:6 SUCCESS
READ order: [0, 1, 6, 7, 8, 13, 14, 19, 15, 20, 21, 22, 27, 28, 29, 30, 31, 36, 37, 38, 39, 44, 45, 50, 51, 52, 57, 62, 63, 64]
P4:0 SUCCESS
READ order: [0, 1, 6, 7, 12, 13, 18, 19, 24, 25, 30, 35, 36, 37, 42, 47, 48, 53, 54, 55, 56, 61, 62, 63, 68, 69, 70, 71, 72, 73, 78, 83, 84, 89, 90, 91, 96, 97, 102]
P1:4 SUCCESS
READ order: [0, 1, 6, 7, 8, 13, 14, 19, 15, 20, 21, 22, 27, 28, 29, 30, 31, 36, 37, 38, 39, 44, 45, 50, 51, 52, 57, 62, 63, 64]
P1:0 SUCCESS
READ order: [0, 1, 2, 3, 4, 5, 6, 7, 12, 17, 18, 23, 24, 25, 30, 31, 36, 41, 42, 47, 48, 49, 50, 55, 56, 61, 62, 63, 64, 69, 70]
P2:6 SUCCESS
READ order: [0, 1, 2, 3, 4, 5, 6, 7, 12, 17, 18, 23, 24, 25, 30, 31, 36, 41, 42, 47, 48, 49, 50, 55, 56, 61, 62, 63, 64, 69, 70]
P3:6 SUCCESS
READ order: [0, 1, 6, 7, 12, 13, 18, 19, 24, 25, 30, 35, 36, 37, 42, 47, 48, 53, 54, 55, 56, 61, 62, 63, 68, 69, 70, 71, 72, 73, 78, 83, 84, 89, 90, 91, 96, 97, 102]
P2:4 SUCCESS
READ order: [0, 1, 6, 11, 16, 17, 21, 22, 27, 23, 28, 29, 34, 39, 40, 44, 49, 50, 55, 56, 57, 61, 66, 67, 71, 76, 81, 82, 86]
P4:3 SUCCESS
READ order: [0, 1, 6, 7, 12, 13, 18, 19, 24, 25, 30, 35, 36, 37, 42, 47, 48, 53, 54, 55, 56, 61, 62, 63, 68, 69, 70, 71, 72, 73, 78, 83, 84, 89, 90, 91, 96, 97, 102]
P4:4 SUCCESS
READ order: [0, 1, 6, 7, 8, 13, 14, 19, 15, 20, 21, 22, 27, 28, 29, 30, 31, 36, 37, 38, 39, 44, 45, 50, 51, 52, 57, 62, 63, 64]
P3:0 SUCCESS
READ order: [0, 1, 6, 11, 12, 17, 18, 19, 24, 25, 26, 31, 36, 41, 42, 43, 44, 45, 50, 51, 56, 61, 62, 67, 68, 69, 70, 75, 76, 77, 82, 83, 88]
P4:1 SUCCESS
READ order: [0, 1, 6, 11, 16, 17, 21, 22, 27, 23, 28, 29, 34, 39, 40, 44, 49, 50, 55, 56, 57, 61, 66, 67, 71, 76, 81, 82, 86]
P1:3 SUCCESS
READ order: [0, 1, 6, 11, 12, 17, 18, 19, 24, 25, 26, 31, 36, 41, 42, 43, 44, 45, 50, 51, 56, 61, 62, 67, 68, 69, 70, 75, 76, 77, 82, 83, 88]
P2:1 SUCCESS
READ order: [0, 1, 6, 7, 8, 9, 14, 15, 16, 17, 18, 19, 20, 21, 22, 27, 28, 29, 30, 31, 32, 33, 34, 39, 40, 41, 42, 43, 44, 45, 46]
P4:5 SUCCESS
READ order: [0, 1, 6, 7, 12, 13, 18, 19, 24, 25, 30, 35, 36, 37, 42, 47, 48, 53, 54, 55, 56, 61, 62, 63, 68, 69, 70, 71, 72, 73, 78, 83, 84, 89, 90, 91, 96, 97, 102]
P3:4 SUCCESS
READ order: [0, 1, 6, 7, 8, 13, 14, 19, 15, 20, 21, 22, 27, 28, 29, 30, 31, 36, 37, 38, 39, 44, 45, 50, 51, 52, 57, 62, 63, 64]
P2:0 SUCCESS
READ order: [0, 1, 6, 11, 16, 17, 21, 22, 27, 23, 28, 29, 34, 39, 40, 44, 49, 50, 55, 56, 57, 61, 66, 67, 71, 76, 81, 82, 86]
P2:3 SUCCESS
READ order: [0, 1, 6, 7, 8, 9, 14, 15, 16, 17, 18, 19, 20, 21, 22, 27, 28, 29, 30, 31, 32, 33, 34, 39, 40, 41, 42, 43, 44, 45, 46]
P2:5 SUCCESS
READ order: [0, 1, 2, 3, 7, 8, 13, 14, 19, 20, 25, 26, 31, 32, 33, 34, 39, 40, 41, 45, 46, 51, 52, 53, 54, 59, 64, 65, 70, 66, 67, 68]
P4:2 SUCCESS
READ order: [0, 1, 2, 3, 7, 8, 13, 14, 19, 20, 25, 26, 31, 32, 33, 34, 39, 40, 41, 45, 46, 51, 52, 53, 54, 59, 64, 65, 70, 66, 67, 68]
P2:2 SUCCESS
READ order: [0, 1, 6, 11, 12, 17, 18, 19, 24, 25, 26, 31, 36, 41, 42, 43, 44, 45, 50, 51, 56, 61, 62, 67, 68, 69, 70, 75, 76, 77, 82, 83, 88]
P1:1 SUCCESS
READ order: [0, 1, 6, 7, 8, 9, 14, 15, 16, 17, 18, 19, 20, 21, 22, 27, 28, 29, 30, 31, 32, 33, 34, 39, 40, 41, 42, 43, 44, 45, 46]
P3:5 SUCCESS
READ order: [0, 1, 6, 7, 8, 9, 14, 15, 16, 17, 18, 19, 20, 21, 22, 27, 28, 29, 30, 31, 32, 33, 34, 39, 40, 41, 42, 43, 44, 45, 46]
P1:5 SUCCESS
READ order: [0, 1, 2, 3, 7, 8, 13, 14, 19, 20, 25, 26, 31, 32, 33, 34, 39, 40, 41, 45, 46, 51, 52, 53, 54, 59, 64, 65, 70, 66, 67, 68]
P3:2 SUCCESS
READ order: [0, 1, 2, 3, 7, 8, 13, 14, 19, 20, 25, 26, 31, 32, 33, 34, 39, 40, 41, 45, 46, 51, 52, 53, 54, 59, 64, 65, 70, 66, 67, 68]
P1:2 SUCCESS
READ order: [0, 1, 6, 11, 12, 17, 18, 19, 24, 25, 26, 31, 36, 41, 42, 43, 44, 45, 50, 51, 56, 61, 62, 67, 68, 69, 70, 75, 76, 77, 82, 83, 88]
P3:1 SUCCESS
